000006  000000          LOC     6         ;BEGIN AT LOCATION 6
000006  000012          Data    10        ;PUT 10 AT LOCATION 6
000007  000003          Data    3         ;PUT 3 AT LOCATION 7
000010  002000          Data    End       ;PUT 1024 AT LOCATION 8
000011  000000          Data    0         
000012  000014          Data    12        
000013  000011          Data    9         
000014  000022          Data    18        
000015  000014          Data    12        
000016  010207          LDX     2,7       ;X2 GETS 3
000017  003412          LDR     3,0,10    ;R3 GETS 12
000020  003212          LDR     2,2,10    ;R2 GETS 12
000021  002652          LDR     1,2,10,1  ;R1 GETS 18
000022  006000          LDA     0,0,0     ;R0 GETS 0 to set CONDITION CODE
000023  010110          LDX     1,8       ;X1 GETS 1024
000024  110400          SETCCE  1         ;SET CONDITION CODE FOR EQUAL
000025  014100          JZ      1,0       ;JUMP TO End if CC is 1
002000  000000          LOC     1024      
002000  000000  End:    HLT       	  ;STOP
002001  065010          IN      2,8       
002002  067011          OUT     2,9       
002003  071010          CHK     2,8       
002004  021503          JCC     3,1,3     
002005  112002          TRAP    2         
002006  004612          STR     1,2,10    
002007  006204          LDA     0,2,4     
002010  010210          LDX     2,8       
002011  012206          STX     2,6       
002012  014206          JZ      2,6       
002013  016206          JNE     2,6       
002014  020606          JCC     1,2,6     
002015  022206          JMA     2,6       
002016  024206          JSR     2,6       
002017  030606          SOB     1,2,6     
002020  032610          JGE     1,2,8     
002021  026012          RFS     10        
002022  035210          AMR     2,2,8     
002023  037300          SMR     2,3,0     
002024  041011          AIR     2,9       
002025  043010          SIR     2,8       
002026  045100          MLT     2,1       
002027  046600          DVD     1,2       
002030  051300          TRR     2,3       
002031  053300          AND     2,3       
002032  057000          NOT     2         
002033  054700          ORR     1,3       
002034  061602          SRC     3,2,1,0   
002035  063304          RRC     2,4,1,1   
002036  065010          IN      2,8       
002037  067011          OUT     2,9       
002040  071010          CHK     2,8 